// 0x00000000000000  --4bit op1, 2bit opr, 4bit op2, 4bit Expected Result
11101010101100
11010010100111
01101110110000
01100000111001
01010010001101
11000110010011
01010001001001
10001011111000
11000011101010
00011010001000
11111111110001
11011111110000
01101011011110
11010001100011
00111010001000
11011000000000
11101000011110
10000001001100
01101111000000
01001011111100
11010001000001
11010100101011
00010111100011
00001100010000
10011101010001
10000111001100
01011001110011
11111110000001
11011100100110
10001110100000
11001101110001
01100111011001
11000001100010
00000111010011
01001101110000
10111110010001
01001010101000
01101000101100
11001010000000
00000111010011
00110100010010
11001011011100
11110001100101
00011110010000
01111111100000
10000011000100
00111100010011
01000111100110
11010111010000
10111000100110
11100010101000
11000101010111
11010110110010
10011001011101
11101101000011
01110110011110
11100010010111
01110011110110
10000001111111
01101110010000
11111000111101
00110110001011
01011100100010
11010010111000
01100010100000
10101100011010
10011011110111
01110000011000
00011010101010
01101100110010
00000011111111
00011110000000
11101101110010
11001111000001
00111001100010
10110010000011
11111101110010
10000000101010
10011111110000
00110110011010
11110011001011
10001111110000
00100100000010
10110000001011
10000101100010
10001110010000
10011111100000
11011100011101
11101000011110
11100100111011
11100111010001
00101100010010
10000011110111
01101001100100
10010001101111
00101011011010
01011000010001
01001111110000
11111110010001
01011011010001
